1 1 4500 1 0
2 1 4500 0 0
3 1 4500 0 0
4 1 4500 1 0
5 1 4500 1 0
6 1 4500 0 0
7 1 4500 0 0
8 1 4500 0 0
9 1 4500 1 0
10 1 4500 1 0
11 1 4500 0 0
12 1 4500 1 0
13 1 4500 1 0
14 1 4500 1 0
15 1 4500 1 0
16 1 4500 0 0
17 1 4500 1 0
18 1 4500 0 0
19 1 4500 0 0
20 1 4500 0 0
21 1 4500 1 0
22 1 4500 0 0
23 1 4500 0 0
24 1 4500 0 0
25 1 4500 0 0
26 1 4500 1 0
27 1 4500 0 0
28 1 4500 0 0
29 1 4500 0 0
30 1 4500 1 0
31 1 4500 0 0
32 1 4500 0 0
33 1 4500 0 0
34 1 4500 0 0
35 1 4500 0 0
36 2 6000 1 0
37 2 6000 1 0
38 2 6000 0 0
39 2 6000 1 0
40 2 6000 1 0
41 2 6000 0 0
42 2 6000 1 0
43 2 6000 1 0
44 2 6000 1 0
45 2 6000 0 0
46 2 6000 1 0
47 2 6000 0 0
48 2 6000 1 0
49 2 6000 1 0
50 2 6000 1 0
51 2 6000 0 0
52 2 6000 0 0
53 2 6000 0 0
54 2 6000 1 0
55 2 6000 0 0
56 2 6000 1 0
57 2 6000 1 0
58 2 6000 1 0
59 2 6000 1 0
60 2 6000 1 0
61 2 6000 1 0
62 2 6000 1 0
63 2 6000 1 0
64 2 6000 0 0
65 2 6000 1 0
66 3 6500 0 0
67 3 6500 1 0
68 3 6500 1 0
69 3 6500 0 0
70 3 6500 0 0
71 3 6500 0 0
72 3 6500 0 0
73 3 6500 0 0
74 3 6500 0 0
75 3 6500 0 0
76 3 6500 0 0
77 3 6500 1 0
78 3 6500 1 0
79 3 6500 1 0
80 3 6500 0 0
81 3 6500 0 0
82 3 6500 1 0
83 3 6500 0 0
84 3 6500 1 0
85 3 6500 0 0
86 3 6500 0 0
87 3 6500 1 0
88 3 6500 0 0
89 3 6500 1 0
90 3 6500 1 0
91 3 6500 0 0
92 3 6500 0 0
93 3 6500 0 0
94 3 6500 1 0
95 3 6500 0 0
96 3 6500 1 0
97 3 6500 0 0
98 3 6500 0 0
99 3 6500 1 0
100 3 6500 1 0